# 1 kap 4. 6

p <- 17
j <- 23
pj <- 33